0.0000005, 30.6325056, -96.4753662, 0.0000000
0.0898383, 30.6325056, -96.4753662, 0.0000000
0.1890130, 30.6325056, -96.4753662, 0.0000000
0.2935369, 30.6325056, -96.4753662, 0.0000000
0.3892922, 30.6325056, -96.4753662, 0.0000000
0.4895358, 30.6325056, -96.4753662, 0.0000000
0.5895028, 30.6325056, -96.4753661, 0.0000000
0.6886623, 30.6325056, -96.4753661, 0.0000000
0.7896719, 30.6325056, -96.4753662, 0.0000000
0.8890781, 30.6325056, -96.4753662, 0.0000000
0.9889212, 30.6325056, -96.4753661, 0.0000000
1.0899823, 30.6325056, -96.4753662, 0.0000000
1.1881227, 30.6325056, -96.4753662, 0.0000000
1.2882998, 30.6325056, -96.4753661, 0.0000000
1.3963084, 30.6325055, -96.4753661, 0.0000000
1.4898825, 30.6325056, -96.4753661, 0.0000000
1.5898077, 30.6325056, -96.4753661, 0.0000000
1.6895020, 30.6325055, -96.4753661, 0.0000000
1.7884617, 30.6325056, -96.4753661, 0.0000000
1.8893383, 30.6325056, -96.4753661, 0.0000000
1.9899526, 30.6325055, -96.4753661, 0.0000000
2.0888276, 30.6325056, -96.4753661, 0.0000000
2.1839750, 30.6325056, -96.4753661, 0.0000000
2.2937288, 30.6325055, -96.4753661, 0.0000000
2.3935685, 30.6325055, -96.4753661, 0.0000000
2.4884908, 30.6325056, -96.4753661, 0.0000000
2.5898705, 30.6325055, -96.4753661, 0.0000000
2.6893046, 30.6325055, -96.4753661, 0.0000000
2.7879159, 30.6325055, -96.4753661, 0.0000000
2.8894155, 30.6325055, -96.4753661, 0.0000000
2.9877822, 30.6325055, -96.4753661, 0.0000000
3.0859919, 30.6325055, -96.4753661, 0.0000000
3.1886814, 30.6325055, -96.4753661, 0.0000000
3.2917128, 30.6325055, -96.4753661, 0.0000000
3.3957062, 30.6325055, -96.4753661, 0.0000000
3.4897528, 30.6325055, -96.4753661, 0.0000000
3.5885599, 30.6325055, -96.4753661, 0.0000000
3.6887734, 30.6325055, -96.4753661, 0.0000000
3.7891524, 30.6325055, -96.4753661, 0.0000000
3.8876605, 30.6325055, -96.4753660, 0.0000000
3.9833658, 30.6325055, -96.4753661, 0.0000000
4.0889111, 30.6325055, -96.4753661, 0.0000000
4.1862423, 30.6325055, -96.4753661, 0.0000000
4.2915888, 30.6325055, -96.4753661, 0.0000000
4.3952594, 30.6325055, -96.4753661, 0.0000000
4.4871042, 30.6325055, -96.4753661, 0.0000000
4.5872750, 30.6325055, -96.4753661, 0.0000000
4.6872873, 30.6325056, -96.4753661, 0.0000000
4.7872391, 30.6325055, -96.4753661, 0.0000000
4.8834713, 30.6325055, -96.4753661, 0.0000000
4.9876823, 30.6325056, -96.4753661, 0.0000000
5.0874982, 30.6325055, -96.4753661, 0.0000000
5.1871228, 30.6325055, -96.4753661, 0.0000000
5.2936172, 30.6325056, -96.4753661, 0.0000000
5.3952560, 30.6325055, -96.4753662, 0.0000000
5.4880819, 30.6325055, -96.4753662, 0.0000000
5.5892155, 30.6325055, -96.4753662, 0.0000000
5.6867933, 30.6325055, -96.4753662, 0.0000000
5.7835662, 30.6325055, -96.4753662, 0.0000000
5.8885908, 30.6325055, -96.4753662, 0.0000000
5.9877157, 30.6325055, -96.4753661, 0.0000000
6.0878975, 30.6325055, -96.4753662, 0.0000000
6.1877370, 30.6325055, -96.4753662, 0.0000000
6.2925456, 30.6325055, -96.4753662, 0.0000000
6.3868394, 30.6325055, -96.4753662, 0.0000000
6.4877279, 30.6325055, -96.4753662, 0.0000000
6.5870078, 30.6325055, -96.4753662, 0.0000000
6.6830387, 30.6325055, -96.4753662, 0.0000000
6.7882090, 30.6325055, -96.4753662, 0.0000000
6.8861706, 30.6325055, -96.4753662, 0.0000000
6.9857855, 30.6325055, -96.4753662, 0.0000000
7.0876009, 30.6325055, -96.4753662, 0.0000000
7.1854115, 30.6325055, -96.4753662, 0.0000000
7.2914310, 30.6325055, -96.4753662, 0.0000000
7.3886251, 30.6325054, -96.4753662, 0.0000000
7.4863713, 30.6325054, -96.4753662, 0.0000000
7.5835180, 30.6325054, -96.4753662, 0.0000000
7.6879113, 30.6325054, -96.4753662, 0.0000000
7.7861483, 30.6325054, -96.4753662, 0.0000000
7.8861532, 30.6325054, -96.4753662, 0.0000000
7.9877357, 30.6325054, -96.4753662, 0.0000000
8.0872030, 30.6325054, -96.4753662, 0.0000000
8.1864429, 30.6325054, -96.4753662, 0.0000000
8.2927301, 30.6325054, -96.4753662, 0.0000000
8.3947232, 30.6325053, -96.4753662, 0.0000000
8.4841795, 30.6325053, -96.4753662, 0.0000000
8.5884268, 30.6325053, -96.4753662, 0.0000000
8.6865382, 30.6325053, -96.4753662, 0.0000000
8.7869699, 30.6325053, -96.4753662, 0.0000000
8.8887007, 30.6325053, -96.4753663, 0.0000000
8.9874322, 30.6325053, -96.4753663, 0.0000000
9.0883298, 30.6325053, -96.4753662, 0.0000000
9.1876826, 30.6325053, -96.4753662, 0.0000000
9.2907355, 30.6325053, -96.4753662, 0.0000000
9.3878794, 30.6325053, -96.4753663, 0.0000000
9.4888809, 30.6325053, -96.4753663, 0.0000000
9.5879722, 30.6325053, -96.4753663, 0.0000000
9.6884115, 30.6325053, -96.4753663, 0.0000000
9.7897100, 30.6325053, -96.4753662, 0.0000000
9.8874066, 30.6325053, -96.4753663, 0.0000000
9.9882865, 30.6325053, -96.4753663, 0.0000000
10.0898120, 30.6325053, -96.4753663, 0.0000000
10.1882548, 30.6325053, -96.4753663, 0.0000000
10.2885659, 30.6325053, -96.4753663, 0.0000000
10.3895805, 30.6325052, -96.4753663, 0.0000000
10.4875224, 30.6325052, -96.4753663, 0.0000000
10.5889194, 30.6325052, -96.4753663, 0.0000000
10.6889071, 30.6325052, -96.4753663, 0.0000000
10.7879870, 30.6325052, -96.4753663, 0.0000000
10.8877614, 30.6325052, -96.4753663, 0.0000000
10.9888394, 30.6325052, -96.4753663, 0.0000000
11.0884373, 30.6325052, -96.4753663, 0.0000000
11.1849129, 30.6325052, -96.4753663, 0.0000000
11.2939160, 30.6325052, -96.4753663, 0.0000000
11.3950381, 30.6325052, -96.4753663, 0.0000000
11.4887884, 30.6325052, -96.4753663, 0.0000000
11.5894833, 30.6325052, -96.4753663, 0.0000000
11.6886094, 30.6325052, -96.4753664, 0.0000000
11.7889740, 30.6325052, -96.4753663, 0.0000000
11.8897014, 30.6325052, -96.4753664, 0.0000000
11.9889004, 30.6325052, -96.4753663, 0.0000000
12.0853028, 30.6325051, -96.4753663, 0.0000000
12.1893880, 30.6325052, -96.4753663, 0.0000000
12.2937856, 30.6325052, -96.4753663, 0.0000000
12.3939373, 30.6325051, -96.4753663, 0.0000000
12.4896944, 30.6325051, -96.4753664, 0.0000000
12.5886548, 30.6325051, -96.4753663, 0.0000000
12.6885407, 30.6325051, -96.4753664, 0.0000000
12.7888424, 30.6325051, -96.4753664, 0.0000000
12.8888023, 30.6325051, -96.4753663, 0.0000000
12.9842615, 30.6325051, -96.4753663, 0.0000000
13.0900934, 30.6325051, -96.4753663, 0.0000000
13.1887984, 30.6325051, -96.4753664, 0.0000000
13.2929113, 30.6325051, -96.4753663, 0.0000000
13.3976240, 30.6325049, -96.4753664, 0.0000000
13.4899740, 30.6325049, -96.4753664, 0.0000000
13.5902607, 30.6325049, -96.4753664, 0.0000000
13.6904213, 30.6325049, -96.4753664, 0.0000000
13.7898099, 30.6325049, -96.4753664, 0.0000000
13.8856707, 30.6325049, -96.4753664, 0.0000000
13.9902787, 30.6325049, -96.4753664, 0.0000000
14.0894518, 30.6325049, -96.4753664, 0.0000000
14.1885750, 30.6325049, -96.4753664, 0.0000000
14.2943256, 30.6325049, -96.4753664, 0.0000000
14.3947961, 30.6325049, -96.4753664, 0.0000000
14.4892006, 30.6325049, -96.4753664, 0.0000000
14.5902586, 30.6325049, -96.4753664, 0.0000000
14.6883717, 30.6325049, -96.4753664, 0.0000000
14.7853503, 30.6325049, -96.4753664, 0.0000000
14.8899493, 30.6325049, -96.4753664, 0.0000000
14.9891083, 30.6325049, -96.4753664, 0.0000000
15.0892565, 30.6325048, -96.4753664, 0.0000000
15.1893384, 30.6325049, -96.4753664, 0.0000000
15.2994900, 30.6325049, -96.4753664, 0.0000000
15.3882830, 30.6325048, -96.4753664, 0.0000000
15.4902163, 30.6325048, -96.4753664, 0.0000000
15.5876429, 30.6325048, -96.4753665, 0.0000000
15.6847126, 30.6325048, -96.4753664, 0.0000000
15.7896929, 30.6325049, -96.4753664, 0.0000000
15.8882401, 30.6325048, -96.4753664, 0.0000000
15.9878786, 30.6325049, -96.4753665, 0.0000000
16.0898008, 30.6325049, -96.4753664, 0.0000000
16.1873550, 30.6325049, -96.4753665, 0.0000000
16.2980077, 30.6325049, -96.4753665, 0.0000000
16.3897378, 30.6325049, -96.4753665, 0.0000000
16.4881957, 30.6325049, -96.4753665, 0.0000000
16.5854628, 30.6325049, -96.4753665, 0.0000000
16.6904361, 30.6325049, -96.4753666, 0.0000000
16.7879157, 30.6325049, -96.4753666, 0.0000000
16.8883333, 30.6325049, -96.4753666, 0.0000000
16.9896779, 30.6325049, -96.4753666, 0.0000000
17.0874426, 30.6325048, -96.4753665, 0.0000000
17.1883779, 30.6325049, -96.4753666, 0.0000000
17.3003261, 30.6325049, -96.4753665, 0.0000000
17.3879399, 30.6325049, -96.4753666, 0.0000000
17.4840043, 30.6325049, -96.4753666, 0.0000000
17.5899093, 30.6325049, -96.4753665, 0.0000000
17.6886096, 30.6325048, -96.4753665, 0.0000000
17.7891052, 30.6325048, -96.4753665, 0.0000000
17.8897336, 30.6325048, -96.4753665, 0.0000000
17.9885778, 30.6325049, -96.4753665, 0.0000000
18.0883009, 30.6325048, -96.4753665, 0.0000000
18.1882730, 30.6325048, -96.4753665, 0.0000000
18.2995710, 30.6325048, -96.4753665, 0.0000000
18.3861277, 30.6325047, -96.4753666, 0.0000000
18.4922278, 30.6325048, -96.4753666, 0.0000000
18.5913050, 30.6325047, -96.4753666, 0.0000000
18.6911213, 30.6325048, -96.4753666, 0.0000000
18.7910411, 30.6325047, -96.4753665, 0.0000000
18.8909659, 30.6325048, -96.4753666, 0.0000000
18.9917035, 30.6325048, -96.4753666, 0.0000000
19.0923195, 30.6325047, -96.4753665, 0.0000000
19.1913497, 30.6325048, -96.4753666, 0.0000000
19.2910993, 30.6325047, -96.4753665, 0.0000000
19.3932700, 30.6325047, -96.4753665, 0.0000000
19.4917572, 30.6325047, -96.4753665, 0.0000000
19.5928712, 30.6325047, -96.4753665, 0.0000000
19.6932395, 30.6325047, -96.4753665, 0.0000000
19.7932456, 30.6325047, -96.4753665, 0.0000000
19.8930283, 30.6325047, -96.4753665, 0.0000000
19.9930069, 30.6325047, -96.4753665, 0.0000000
20.0945311, 30.6325047, -96.4753665, 0.0000000
20.1879182, 30.6325045, -96.4753666, 0.0000000
20.2982852, 30.6325041, -96.4753667, 0.0000000
20.4012702, 30.6325032, -96.4753668, 0.0000000
20.4920852, 30.6325026, -96.4753671, 0.0000000
20.5917492, 30.6325020, -96.4753672, 0.0000000
20.6911263, 30.6325014, -96.4753672, 0.0000000
20.7903543, 30.6325007, -96.4753672, 0.0000000
20.8943138, 30.6325002, -96.4753674, 0.0000000
20.9931948, 30.6324996, -96.4753674, 0.0000000
21.0915606, 30.6324989, -96.4753675, 0.0000000
21.1915424, 30.6324983, -96.4753676, 0.0000000
21.2959330, 30.6324977, -96.4753676, 0.0000000
21.3932884, 30.6324970, -96.4753676, 0.0000000
21.4933360, 30.6324963, -96.4753676, 0.0000000
21.5914807, 30.6324957, -96.4753675, 0.0000000
21.6919243, 30.6324951, -96.4753675, 0.0000000
21.7937319, 30.6324944, -96.4753675, 0.0000000
21.8954773, 30.6324938, -96.4753674, 0.0000000
21.9870863, 30.6324932, -96.4753673, 0.0000000
22.0938706, 30.6324925, -96.4753672, 0.0000000
22.1909838, 30.6324919, -96.4753672, 0.0000000
22.2959478, 30.6324913, -96.4753671, 0.0000000
22.3969944, 30.6324906, -96.4753670, 0.0000000
22.4903247, 30.6324900, -96.4753669, 0.0000000
22.5908489, 30.6324894, -96.4753668, 0.0000000
22.6903262, 30.6324887, -96.4753667, 0.0000000
22.7903948, 30.6324881, -96.4753665, 0.0000000
22.8861878, 30.6324875, -96.4753663, 0.0000000
22.9911709, 30.6324869, -96.4753662, 0.0000000
23.0912755, 30.6324863, -96.4753660, 0.0000000
23.1915314, 30.6324857, -96.4753658, 0.0000000
23.2976265, 30.6324851, -96.4753656, 0.0000000
23.3991065, 30.6324844, -96.4753652, 0.0000000
23.4923015, 30.6324838, -96.4753651, 0.0000000
23.5936096, 30.6324833, -96.4753649, 0.0000000
23.6915824, 30.6324826, -96.4753646, 0.0000000
23.7866278, 30.6324820, -96.4753643, 0.0000000
23.8915060, 30.6324814, -96.4753641, 0.0000000
23.9916077, 30.6324808, -96.4753638, 0.0000000
24.0914340, 30.6324803, -96.4753635, 0.0000000
24.1904509, 30.6324797, -96.4753632, 0.0000000
24.2956204, 30.6324791, -96.4753629, 0.0000000
24.3966854, 30.6324785, -96.4753626, 0.0000000
24.4914451, 30.6324779, -96.4753622, 0.0000000
24.5913556, 30.6324773, -96.4753619, 0.0000000
24.6857507, 30.6324768, -96.4753615, 0.0000000
24.7916183, 30.6324762, -96.4753612, 0.0000000
24.8910649, 30.6324757, -96.4753608, 0.0000000
24.9906111, 30.6324751, -96.4753605, 0.0000000
25.0924571, 30.6324746, -96.4753601, 0.0000000
25.1894710, 30.6324741, -96.4753598, 0.0000000
25.2949152, 30.6324735, -96.4753594, 0.0000000
25.3992727, 30.6324729, -96.4753589, 0.0000000
25.4915276, 30.6324724, -96.4753585, 0.0000000
25.5871994, 30.6324719, -96.4753581, 0.0000000
25.6912405, 30.6324714, -96.4753576, 0.0000000
25.7941892, 30.6324709, -96.4753572, 0.0000000
25.8919885, 30.6324704, -96.4753567, 0.0000000
25.9953797, 30.6324699, -96.4753563, 0.0000000
26.0929065, 30.6324694, -96.4753559, 0.0000000
26.1907718, 30.6324690, -96.4753553, 0.0000000
26.2964296, 30.6324686, -96.4753548, 0.0000000
26.3956537, 30.6324680, -96.4753543, 0.0000000
26.4852285, 30.6324676, -96.4753538, 0.0000000
26.5911458, 30.6324671, -96.4753534, 0.0000000
26.6902349, 30.6324668, -96.4753527, 0.0000000
26.7914143, 30.6324663, -96.4753523, 0.0000000
26.8910205, 30.6324658, -96.4753517, 0.0000000
26.9882157, 30.6324654, -96.4753512, 0.0000000
27.0879714, 30.6324650, -96.4753507, 0.0000000
27.1879065, 30.6324646, -96.4753502, 0.0000000
27.2946112, 30.6324641, -96.4753496, 0.0000000
27.3846359, 30.6324637, -96.4753489, 0.0000000
27.4899373, 30.6324633, -96.4753483, 0.0000000
27.5897133, 30.6324629, -96.4753477, 0.0000000
27.6911063, 30.6324625, -96.4753471, 0.0000000
27.7913518, 30.6324621, -96.4753466, 0.0000000
27.8888645, 30.6324618, -96.4753458, 0.0000000
27.9881220, 30.6324615, -96.4753452, 0.0000000
28.0894070, 30.6324611, -96.4753445, 0.0000000
28.1881049, 30.6324608, -96.4753439, 0.0000000
28.2948451, 30.6324604, -96.4753435, 0.0000000
28.3913710, 30.6324601, -96.4753430, 0.0000000
28.4902132, 30.6324598, -96.4753423, 0.0000000
28.5902662, 30.6324596, -96.4753417, 0.0000000
28.6918697, 30.6324593, -96.4753411, 0.0000000
28.7901764, 30.6324590, -96.4753404, 0.0000000
28.8916790, 30.6324588, -96.4753398, 0.0000000
28.9911008, 30.6324585, -96.4753391, 0.0000000
29.0913970, 30.6324581, -96.4753384, 0.0000000
29.1849875, 30.6324580, -96.4753377, 0.0000000
29.3027110, 30.6324578, -96.4753369, 0.0000000
29.3914211, 30.6324575, -96.4753363, 0.0000000
29.4899948, 30.6324574, -96.4753356, 0.0000000
29.5930688, 30.6324572, -96.4753349, 0.0000000
29.6918550, 30.6324570, -96.4753342, 0.0000000
29.7913003, 30.6324568, -96.4753335, 0.0000000
29.8920207, 30.6324566, -96.4753329, 0.0000000
29.9917910, 30.6324564, -96.4753321, 0.0000000
30.0874419, 30.6324563, -96.4753314, 0.0000000
30.1931117, 30.6324561, -96.4753308, 0.0000000
30.3032439, 30.6324559, -96.4753301, 0.0000000
30.3910320, 30.6324558, -96.4753291, 0.0000000
30.4921582, 30.6324557, -96.4753284, 0.0000000
30.5911775, 30.6324556, -96.4753277, 0.0000000
30.6909695, 30.6324555, -96.4753270, 0.0000000
30.7918026, 30.6324554, -96.4753262, 0.0000000
30.8928368, 30.6324553, -96.4753255, 0.0000000
30.9855864, 30.6324552, -96.4753248, 0.0000000
31.0929544, 30.6324552, -96.4753241, 0.0000000
31.1913888, 30.6324552, -96.4753233, 0.0000000
31.2953272, 30.6324551, -96.4753226, 0.0000000
31.3989060, 30.6324550, -96.4753219, 0.0000000
31.4900024, 30.6324549, -96.4753211, 0.0000000
31.5908396, 30.6324549, -96.4753204, 0.0000000
31.6910717, 30.6324549, -96.4753197, 0.0000000
31.7910213, 30.6324549, -96.4753189, 0.0000000
31.8871706, 30.6324549, -96.4753182, 0.0000000
31.9931450, 30.6324549, -96.4753175, 0.0000000
32.0919757, 30.6324550, -96.4753167, 0.0000000
32.1912282, 30.6324551, -96.4753160, 0.0000000
32.2973044, 30.6324551, -96.4753153, 0.0000000
32.3911104, 30.6324551, -96.4753146, 0.0000000
32.4904981, 30.6324552, -96.4753139, 0.0000000
32.5928822, 30.6324553, -96.4753132, 0.0000000
32.6921132, 30.6324554, -96.4753124, 0.0000000
32.7873297, 30.6324555, -96.4753117, 0.0000000
32.8928704, 30.6324555, -96.4753110, 0.0000000
32.9919128, 30.6324556, -96.4753102, 0.0000000
33.0914912, 30.6324558, -96.4753095, 0.0000000
33.1915779, 30.6324559, -96.4753088, 0.0000000
33.2955675, 30.6324560, -96.4753080, 0.0000000
33.4016788, 30.6324561, -96.4753073, 0.0000000
33.4951873, 30.6324563, -96.4753066, 0.0000000
33.5933692, 30.6324564, -96.4753059, 0.0000000
33.6886394, 30.6324566, -96.4753052, 0.0000000
33.7942250, 30.6324568, -96.4753044, 0.0000000
33.8931613, 30.6324570, -96.4753038, 0.0000000
33.9929287, 30.6324572, -96.4753031, 0.0000000
34.0955200, 30.6324574, -96.4753024, 0.0000000
34.1940777, 30.6324577, -96.4753018, 0.0000000
34.2980695, 30.6324579, -96.4753011, 0.0000000
34.3942118, 30.6324582, -96.4753004, 0.0000000
34.4955022, 30.6324583, -96.4752996, 0.0000000
34.5893059, 30.6324586, -96.4752989, 0.0000000
34.6957397, 30.6324589, -96.4752983, 0.0000000
34.7938259, 30.6324591, -96.4752976, 0.0000000
34.8951051, 30.6324594, -96.4752970, 0.0000000
34.9962823, 30.6324597, -96.4752963, 0.0000000
35.0955598, 30.6324600, -96.4752957, 0.0000000
35.1942179, 30.6324603, -96.4752950, 0.0000000
35.3003776, 30.6324606, -96.4752944, 0.0000000
35.4017088, 30.6324610, -96.4752938, 0.0000000
35.4882290, 30.6324613, -96.4752932, 0.0000000
35.5963264, 30.6324616, -96.4752925, 0.0000000
35.6933365, 30.6324620, -96.4752919, 0.0000000
35.7939622, 30.6324624, -96.4752913, 0.0000000
35.8966217, 30.6324627, -96.4752907, 0.0000000
35.9954455, 30.6324631, -96.4752902, 0.0000000
36.0940087, 30.6324635, -96.4752896, 0.0000000
36.1939940, 30.6324639, -96.4752890, 0.0000000
36.2979996, 30.6324643, -96.4752885, 0.0000000
36.3950236, 30.6324647, -96.4752879, 0.0000000
36.4950898, 30.6324651, -96.4752873, 0.0000000
36.5933986, 30.6324656, -96.4752868, 0.0000000
36.6921120, 30.6324660, -96.4752862, 0.0000000
36.7925503, 30.6324664, -96.4752857, 0.0000000
36.8923275, 30.6324669, -96.4752852, 0.0000000
36.9923873, 30.6324674, -96.4752847, 0.0000000
37.0955904, 30.6324678, -96.4752842, 0.0000000
37.1923494, 30.6324683, -96.4752837, 0.0000000
37.2901561, 30.6324687, -96.4752832, 0.0000000
37.3981645, 30.6324692, -96.4752828, 0.0000000
37.4914129, 30.6324696, -96.4752823, 0.0000000
37.5913529, 30.6324701, -96.4752818, 0.0000000
37.6924326, 30.6324707, -96.4752814, 0.0000000
37.7925873, 30.6324711, -96.4752809, 0.0000000
37.8918908, 30.6324717, -96.4752805, 0.0000000
37.9926143, 30.6324721, -96.4752801, 0.0000000
38.0925484, 30.6324727, -96.4752797, 0.0000000
38.1875551, 30.6324732, -96.4752793, 0.0000000
38.2973757, 30.6324738, -96.4752790, 0.0000000
38.3960390, 30.6324743, -96.4752785, 0.0000000
38.4909263, 30.6324749, -96.4752781, 0.0000000
38.5924153, 30.6324754, -96.4752777, 0.0000000
38.6919734, 30.6324760, -96.4752772, 0.0000000
38.7929983, 30.6324766, -96.4752769, 0.0000000
38.8926926, 30.6324771, -96.4752766, 0.0000000
38.9921722, 30.6324776, -96.4752763, 0.0000000
39.0872529, 30.6324782, -96.4752760, 0.0000000
39.1921575, 30.6324788, -96.4752757, 0.0000000
39.3021798, 30.6324794, -96.4752754, 0.0000000
39.3899708, 30.6324799, -96.4752750, 0.0000000
39.4920719, 30.6324804, -96.4752748, 0.0000000
39.5910573, 30.6324810, -96.4752745, 0.0000000
39.6926708, 30.6324816, -96.4752743, 0.0000000
39.7928383, 30.6324822, -96.4752740, 0.0000000
39.8921289, 30.6324828, -96.4752738, 0.0000000
39.9869475, 30.6324835, -96.4752736, 0.0000000
40.0927644, 30.6324840, -96.4752734, 0.0000000
40.1901791, 30.6324847, -96.4752732, 0.0000000
40.3019505, 30.6324852, -96.4752730, 0.0000000
40.3924494, 30.6324857, -96.4752729, 0.0000000
40.4914088, 30.6324863, -96.4752727, 0.0000000
40.5896654, 30.6324869, -96.4752725, 0.0000000
40.6911955, 30.6324875, -96.4752723, 0.0000000
40.7903583, 30.6324881, -96.4752722, 0.0000000
40.8859406, 30.6324888, -96.4752721, 0.0000000
40.9915316, 30.6324894, -96.4752720, 0.0000000
41.0907266, 30.6324900, -96.4752718, 0.0000000
41.1902311, 30.6324906, -96.4752717, 0.0000000
41.3030992, 30.6324913, -96.4752717, 0.0000000
41.3923109, 30.6324919, -96.4752715, 0.0000000
41.4915795, 30.6324925, -96.4752714, 0.0000000
41.5928032, 30.6324931, -96.4752714, 0.0000000
41.6912818, 30.6324938, -96.4752713, 0.0000000
41.7866609, 30.6324944, -96.4752713, 0.0000000
41.8919487, 30.6324951, -96.4752713, 0.0000000
41.9915340, 30.6324957, -96.4752713, 0.0000000
42.0917046, 30.6324963, -96.4752712, 0.0000000
42.1916935, 30.6324970, -96.4752713, 0.0000000
42.2958109, 30.6324976, -96.4752714, 0.0000000
42.3918989, 30.6324982, -96.4752714, 0.0000000
42.4921269, 30.6324989, -96.4752712, 0.0000000
42.5917830, 30.6324995, -96.4752713, 0.0000000
42.6867764, 30.6325001, -96.4752713, 0.0000000
42.7935669, 30.6325007, -96.4752714, 0.0000000
42.8921781, 30.6325014, -96.4752716, 0.0000000
42.9919941, 30.6325020, -96.4752716, 0.0000000
43.0927167, 30.6325026, -96.4752718, 0.0000000
43.1923230, 30.6325033, -96.4752719, 0.0000000
43.2965794, 30.6325039, -96.4752720, 0.0000000
43.4014368, 30.6325043, -96.4752721, 0.0000000
43.4921937, 30.6325044, -96.4752721, 0.0000000
43.5880494, 30.6325043, -96.4752721, 0.0000000
43.6935070, 30.6325043, -96.4752721, 0.0000000
43.7921183, 30.6325043, -96.4752721, 0.0000000
43.8915119, 30.6325044, -96.4752721, 0.0000000
43.9923401, 30.6325043, -96.4752721, 0.0000000
44.0919280, 30.6325044, -96.4752721, 0.0000000
44.1909750, 30.6325044, -96.4752721, 0.0000000
44.2969942, 30.6325043, -96.4752721, 0.0000000
44.3907211, 30.6325044, -96.4752722, 0.0000000
44.4857945, 30.6325044, -96.4752721, 0.0000000
44.5922277, 30.6325044, -96.4752722, 0.0000000
44.6918645, 30.6325044, -96.4752722, 0.0000000
44.7911904, 30.6325044, -96.4752721, 0.0000000
44.8918488, 30.6325044, -96.4752721, 0.0000000
44.9913175, 30.6325044, -96.4752721, 0.0000000
45.0914309, 30.6325044, -96.4752721, 0.0000000
45.1914964, 30.6325044, -96.4752721, 0.0000000
45.3020895, 30.6325044, -96.4752721, 0.0000000
45.3860824, 30.6325044, -96.4752721, 0.0000000
45.4919782, 30.6325044, -96.4752721, 0.0000000
45.5916014, 30.6325044, -96.4752721, 0.0000000
45.6910839, 30.6325044, -96.4752721, 0.0000000
45.7923422, 30.6325044, -96.4752721, 0.0000000
45.8918824, 30.6325044, -96.4752721, 0.0000000
45.9905131, 30.6325044, -96.4752721, 0.0000000
46.0922594, 30.6325043, -96.4752721, 0.0000000
46.1919110, 30.6325044, -96.4752721, 0.0000000
46.2976973, 30.6325045, -96.4752722, 0.0000000
46.3921344, 30.6325045, -96.4752722, 0.0000000
46.4920030, 30.6325045, -96.4752722, 0.0000000
46.5915139, 30.6325045, -96.4752722, 0.0000000
46.6918664, 30.6325044, -96.4752721, 0.0000000
46.7913103, 30.6325044, -96.4752722, 0.0000000
46.8910820, 30.6325044, -96.4752722, 0.0000000
46.9914050, 30.6325045, -96.4752722, 0.0000000
47.0916677, 30.6325044, -96.4752722, 0.0000000
47.1867957, 30.6325045, -96.4752722, 0.0000000
47.3027415, 30.6325044, -96.4752721, 0.0000000
47.3906703, 30.6325044, -96.4752721, 0.0000000
47.4898934, 30.6325044, -96.4752721, 0.0000000
47.5930007, 30.6325044, -96.4752721, 0.0000000
47.6917949, 30.6325044, -96.4752722, 0.0000000
47.7916818, 30.6325044, -96.4752721, 0.0000000
47.8918381, 30.6325044, -96.4752721, 0.0000000
47.9916511, 30.6325044, -96.4752721, 0.0000000
48.0887527, 30.6325044, -96.4752721, 0.0000000
48.1917686, 30.6325044, -96.4752721, 0.0000000
48.2942238, 30.6325044, -96.4752721, 0.0000000
48.3919101, 30.6325043, -96.4752720, 0.0000000
48.4900944, 30.6325043, -96.4752720, 0.0000000
48.5901427, 30.6325043, -96.4752720, 0.0000000
48.6895022, 30.6325043, -96.4752720, 0.0000000
48.7907472, 30.6325043, -96.4752720, 0.0000000
48.8898182, 30.6325043, -96.4752720, 0.0000000
48.9857178, 30.6325043, -96.4752720, 0.0000000
49.0926228, 30.6325043, -96.4752720, 0.0000000
49.1910617, 30.6325044, -96.4752721, 0.0000000
49.3014150, 30.6325044, -96.4752721, 0.0000000
49.3924832, 30.6325041, -96.4752720, 0.0000000
49.4914939, 30.6325041, -96.4752721, 0.0000000
49.5906479, 30.6325041, -96.4752720, 0.0000000
49.6912329, 30.6325041, -96.4752720, 0.0000000
49.7908621, 30.6325042, -96.4752720, 0.0000000
49.8879848, 30.6325041, -96.4752720, 0.0000000
49.9930911, 30.6325042, -96.4752720, 0.0000000
50.0922272, 30.6325042, -96.4752720, 0.0000000
50.1897373, 30.6325042, -96.4752720, 0.0000000
50.3025391, 30.6325041, -96.4752720, 0.0000000
50.3907599, 30.6325041, -96.4752720, 0.0000000
50.4906685, 30.6325041, -96.4752720, 0.0000000
50.5912848, 30.6325041, -96.4752720, 0.0000000
50.6910603, 30.6325041, -96.4752720, 0.0000000
50.7864375, 30.6325041, -96.4752720, 0.0000000
50.8923965, 30.6325041, -96.4752720, 0.0000000
50.9914634, 30.6325040, -96.4752719, 0.0000000
51.0914586, 30.6325041, -96.4752720, 0.0000000
51.1916227, 30.6325041, -96.4752720, 0.0000000
51.3018372, 30.6325041, -96.4752720, 0.0000000
51.3907101, 30.6325041, -96.4752720, 0.0000000
51.4921827, 30.6325040, -96.4752720, 0.0000000
51.5916686, 30.6325040, -96.4752720, 0.0000000
51.6856363, 30.6325041, -96.4752720, 0.0000000
51.7921717, 30.6325041, -96.4752720, 0.0000000
51.8909347, 30.6325040, -96.4752720, 0.0000000
51.9909019, 30.6325040, -96.4752720, 0.0000000
52.0923393, 30.6325041, -96.4752721, 0.0000000
52.1910820, 30.6325040, -96.4752720, 0.0000000
52.2970355, 30.6325040, -96.4752720, 0.0000000
52.3920097, 30.6325040, -96.4752720, 0.0000000
52.4906888, 30.6325038, -96.4752719, 0.0000000
52.5878720, 30.6325038, -96.4752719, 0.0000000
52.6929519, 30.6325038, -96.4752719, 0.0000000
52.7927818, 30.6325038, -96.4752720, 0.0000000
52.8934724, 30.6325038, -96.4752719, 0.0000000
52.9935925, 30.6325039, -96.4752720, 0.0000000
53.0929992, 30.6325038, -96.4752720, 0.0000000
53.1927593, 30.6325039, -96.4752720, 0.0000000
53.3010893, 30.6325038, -96.4752719, 0.0000000
53.3946683, 30.6325039, -96.4752720, 0.0000000
53.4926543, 30.6325039, -96.4752720, 0.0000000
53.5936947, 30.6325035, -96.4752720, 0.0000000
53.6926117, 30.6325035, -96.4752720, 0.0000000
53.7926869, 30.6325035, -96.4752720, 0.0000000
53.8931904, 30.6325035, -96.4752720, 0.0000000
53.9926913, 30.6325035, -96.4752720, 0.0000000
54.0920634, 30.6325035, -96.4752720, 0.0000000
54.1921034, 30.6325035, -96.4752720, 0.0000000
54.2968318, 30.6325035, -96.4752720, 0.0000000
54.3867795, 30.6325035, -96.4752719, 0.0000000
54.4924302, 30.6325032, -96.4752719, 0.0000000
54.5925183, 30.6325032, -96.4752719, 0.0000000
54.6919506, 30.6325032, -96.4752719, 0.0000000
54.7926271, 30.6325032, -96.4752719, 0.0000000
54.8932879, 30.6325032, -96.4752719, 0.0000000
54.9924605, 30.6325032, -96.4752719, 0.0000000
55.0938678, 30.6325032, -96.4752719, 0.0000000
55.1916804, 30.6325032, -96.4752719, 0.0000000
55.2917433, 30.6325032, -96.4752719, 0.0000000
55.3949430, 30.6325032, -96.4752719, 0.0000000
55.4987209, 30.6325030, -96.4752719, 0.0000000
55.5931048, 30.6325030, -96.4752718, 0.0000000
55.6934452, 30.6325030, -96.4752718, 0.0000000
55.7925146, 30.6325030, -96.4752718, 0.0000000
55.8928361, 30.6325030, -96.4752718, 0.0000000
55.9930141, 30.6325030, -96.4752718, 0.0000000
56.0928841, 30.6325030, -96.4752719, 0.0000000
56.1880059, 30.6325030, -96.4752718, 0.0000000
56.2985022, 30.6325030, -96.4752718, 0.0000000
56.3932796, 30.6325030, -96.4752719, 0.0000000
56.4984915, 30.6325028, -96.4752718, 0.0000000
56.5937455, 30.6325028, -96.4752718, 0.0000000
56.6918030, 30.6325028, -96.4752718, 0.0000000
56.7923532, 30.6325028, -96.4752718, 0.0000000
56.8933856, 30.6325028, -96.4752718, 0.0000000
56.9922411, 30.6325028, -96.4752718, 0.0000000
57.0875349, 30.6325028, -96.4752718, 0.0000000
57.1926918, 30.6325028, -96.4752718, 0.0000000
57.2972655, 30.6325028, -96.4752718, 0.0000000
57.3932705, 30.6325028, -96.4752718, 0.0000000
57.5012476, 30.6325026, -96.4752718, 0.0000000
57.5926356, 30.6325026, -96.4752718, 0.0000000
57.6927905, 30.6325026, -96.4752718, 0.0000000
57.7939370, 30.6325026, -96.4752718, 0.0000000
57.8931842, 30.6325026, -96.4752718, 0.0000000
57.9880497, 30.6325026, -96.4752718, 0.0000000
58.0952144, 30.6325026, -96.4752718, 0.0000000
58.1939182, 30.6325026, -96.4752718, 0.0000000
58.2986867, 30.6325026, -96.4752718, 0.0000000
58.3943563, 30.6325026, -96.4752718, 0.0000000
58.4981704, 30.6325025, -96.4752718, 0.0000000
58.5925760, 30.6325025, -96.4752718, 0.0000000
58.6921608, 30.6325025, -96.4752718, 0.0000000
58.7920039, 30.6325025, -96.4752718, 0.0000000
58.8882499, 30.6325025, -96.4752718, 0.0000000
58.9927499, 30.6325025, -96.4752718, 0.0000000
59.0918801, 30.6325025, -96.4752718, 0.0000000
59.1916509, 30.6325025, -96.4752718, 0.0000000
59.2979362, 30.6325025, -96.4752718, 0.0000000
59.3940597, 30.6325025, -96.4752718, 0.0000000
59.4926922, 30.6325024, -96.4752718, 0.0000000
59.5954340, 30.6325024, -96.4752718, 0.0000000
59.6923265, 30.6325024, -96.4752718, 0.0000000
59.7879090, 30.6325024, -96.4752718, 0.0000000
59.8957794, 30.6325024, -96.4752718, 0.0000000
59.9937944, 30.6325024, -96.4752718, 0.0000000
60.0937793, 30.6325024, -96.4752718, 0.0000000
60.1937270, 30.6325024, -96.4752718, 0.0000000
60.2984247, 30.6325024, -96.4752718, 0.0000000
60.3934579, 30.6325024, -96.4752718, 0.0000000
60.5012159, 30.6325023, -96.4752718, 0.0000000
60.5934038, 30.6325023, -96.4752718, 0.0000000
60.6878688, 30.6325023, -96.4752718, 0.0000000
60.7954350, 30.6325023, -96.4752718, 0.0000000
60.8940585, 30.6325023, -96.4752718, 0.0000000
60.9936678, 30.6325023, -96.4752718, 0.0000000
61.0954230, 30.6325023, -96.4752718, 0.0000000
61.1930909, 30.6325023, -96.4752718, 0.0000000
61.2985640, 30.6325023, -96.4752718, 0.0000000
61.3961425, 30.6325023, -96.4752718, 0.0000000
61.4996388, 30.6325022, -96.4752717, 0.0000000
61.5879943, 30.6325022, -96.4752717, 0.0000000
61.6927168, 30.6325022, -96.4752718, 0.0000000
61.7928975, 30.6325022, -96.4752718, 0.0000000
61.8930435, 30.6325022, -96.4752718, 0.0000000
61.9939167, 30.6325022, -96.4752718, 0.0000000
62.0927873, 30.6325022, -96.4752717, 0.0000000
62.1920521, 30.6325021, -96.4752717, 0.0000000
62.2983027, 30.6325022, -96.4752718, 0.0000000
62.3934746, 30.6325022, -96.4752717, 0.0000000
62.4879031, 30.6325020, -96.4752717, 0.0000000
62.5945301, 30.6325020, -96.4752717, 0.0000000
62.6925352, 30.6325020, -96.4752717, 0.0000000
62.7931056, 30.6325020, -96.4752717, 0.0000000
62.8954556, 30.6325020, -96.4752717, 0.0000000
62.9936819, 30.6325020, -96.4752717, 0.0000000
63.0935793, 30.6325020, -96.4752717, 0.0000000
63.1935825, 30.6325020, -96.4752717, 0.0000000
63.2976890, 30.6325020, -96.4752717, 0.0000000
63.3890817, 30.6325020, -96.4752717, 0.0000000
63.4963627, 30.6325019, -96.4752717, 0.0000000
63.5941639, 30.6325019, -96.4752717, 0.0000000
63.6923971, 30.6325019, -96.4752717, 0.0000000
63.7933884, 30.6325019, -96.4752717, 0.0000000
63.8923965, 30.6325019, -96.4752717, 0.0000000
63.9919131, 30.6325019, -96.4752717, 0.0000000
64.0951796, 30.6325019, -96.4752717, 0.0000000
64.1920176, 30.6325019, -96.4752717, 0.0000000
64.2914577, 30.6325019, -96.4752717, 0.0000000
64.3934035, 30.6325019, -96.4752717, 0.0000000
64.4917445, 30.6325018, -96.4752717, 0.0000000
64.5926611, 30.6325018, -96.4752717, 0.0000000
64.6927392, 30.6325018, -96.4752717, 0.0000000
64.7921386, 30.6325018, -96.4752717, 0.0000000
64.8922479, 30.6325018, -96.4752717, 0.0000000
64.9926836, 30.6325018, -96.4752717, 0.0000000
65.0922363, 30.6325018, -96.4752717, 0.0000000
65.1878011, 30.6325018, -96.4752717, 0.0000000
65.3002222, 30.6325018, -96.4752717, 0.0000000
65.3944504, 30.6325018, -96.4752717, 0.0000000
65.4930310, 30.6325017, -96.4752717, 0.0000000
65.5951264, 30.6325017, -96.4752717, 0.0000000
65.6927876, 30.6325017, -96.4752717, 0.0000000
65.7922528, 30.6325017, -96.4752717, 0.0000000
65.8931139, 30.6325017, -96.4752717, 0.0000000
65.9921560, 30.6325017, -96.4752717, 0.0000000
66.0881698, 30.6325017, -96.4752717, 0.0000000
66.1937108, 30.6325017, -96.4752717, 0.0000000
66.2982473, 30.6325017, -96.4752717, 0.0000000
66.3932877, 30.6325017, -96.4752717, 0.0000000
66.4941130, 30.6325016, -96.4752717, 0.0000000
66.5936179, 30.6325016, -96.4752717, 0.0000000
66.6917405, 30.6325016, -96.4752717, 0.0000000
66.7938848, 30.6325016, -96.4752717, 0.0000000
66.8932300, 30.6325016, -96.4752717, 0.0000000
66.9868643, 30.6325015, -96.4752717, 0.0000000
67.0943725, 30.6325016, -96.4752717, 0.0000000
67.1915045, 30.6325016, -96.4752717, 0.0000000
67.2961247, 30.6325015, -96.4752717, 0.0000000
67.3944454, 30.6325016, -96.4752717, 0.0000000
67.4925811, 30.6325015, -96.4752717, 0.0000000
67.5923367, 30.6325015, -96.4752717, 0.0000000
67.6918325, 30.6325015, -96.4752717, 0.0000000
67.7920926, 30.6325015, -96.4752717, 0.0000000
67.8872662, 30.6325015, -96.4752717, 0.0000000
67.9918568, 30.6325015, -96.4752717, 0.0000000
68.0918224, 30.6325015, -96.4752717, 0.0000000
68.1912208, 30.6325015, -96.4752716, 0.0000000
68.2963560, 30.6325014, -96.4752716, 0.0000000
68.3969574, 30.6325014, -96.4752716, 0.0000000
68.4913523, 30.6325013, -96.4752716, 0.0000000
68.5920391, 30.6325013, -96.4752716, 0.0000000
68.6925030, 30.6325013, -96.4752716, 0.0000000
68.7866311, 30.6325013, -96.4752716, 0.0000000
68.8915846, 30.6325013, -96.4752716, 0.0000000
68.9909062, 30.6325013, -96.4752717, 0.0000000
69.0916293, 30.6325013, -96.4752717, 0.0000000
69.1920805, 30.6325013, -96.4752717, 0.0000000
69.2964571, 30.6325013, -96.4752717, 0.0000000
69.4000483, 30.6325013, -96.4752716, 0.0000000
69.4925640, 30.6325013, -96.4752716, 0.0000000
69.5917485, 30.6325012, -96.4752716, 0.0000000
69.6863387, 30.6325013, -96.4752716, 0.0000000
69.7923937, 30.6325012, -96.4752716, 0.0000000
69.8922176, 30.6325013, -96.4752716, 0.0000000
69.9922597, 30.6325013, -96.4752716, 0.0000000
70.0918827, 30.6325013, -96.4752716, 0.0000000
70.1905236, 30.6325012, -96.4752716, 0.0000000
70.3017721, 30.6325012, -96.4752716, 0.0000000
70.3911805, 30.6325012, -96.4752716, 0.0000000
70.4905558, 30.6325012, -96.4752716, 0.0000000
70.5862303, 30.6325012, -96.4752716, 0.0000000
70.6912689, 30.6325012, -96.4752716, 0.0000000
70.7911181, 30.6325012, -96.4752716, 0.0000000
70.8904879, 30.6325012, -96.4752716, 0.0000000
70.9912431, 30.6325012, -96.4752716, 0.0000000
71.0910957, 30.6325012, -96.4752716, 0.0000000
71.1900837, 30.6325012, -96.4752716, 0.0000000
71.3017559, 30.6325012, -96.4752716, 0.0000000
71.3907778, 30.6325012, -96.4752716, 0.0000000
71.4858570, 30.6325012, -96.4752716, 0.0000000
71.5917525, 30.6325012, -96.4752716, 0.0000000
71.6914148, 30.6325012, -96.4752716, 0.0000000
71.7904980, 30.6325012, -96.4752716, 0.0000000
71.8920574, 30.6325012, -96.4752716, 0.0000000
71.9912155, 30.6325012, -96.4752716, 0.0000000
72.0915935, 30.6325012, -96.4752716, 0.0000000
72.1902461, 30.6325012, -96.4752716, 0.0000000
72.2948532, 30.6325012, -96.4752716, 0.0000000
72.3853600, 30.6325010, -96.4752715, 0.0000000
72.4913704, 30.6325011, -96.4752716, 0.0000000
72.5878468, 30.6325011, -96.4752716, 0.0000000
72.6881173, 30.6325010, -96.4752716, 0.0000000
72.7892027, 30.6325011, -96.4752716, 0.0000000
72.8891151, 30.6325010, -96.4752715, 0.0000000
72.9886324, 30.6325011, -96.4752715, 0.0000000
73.0896642, 30.6325010, -96.4752715, 0.0000000
73.1877143, 30.6325010, -96.4752715, 0.0000000
73.2874680, 30.6325011, -96.4752715, 0.0000000
73.3929312, 30.6325010, -96.4752716, 0.0000000
73.4902134, 30.6325009, -96.4752715, 0.0000000
73.5904727, 30.6325010, -96.4752716, 0.0000000
73.6904271, 30.6325010, -96.4752716, 0.0000000
73.7891388, 30.6325010, -96.4752716, 0.0000000
73.8894694, 30.6325010, -96.4752716, 0.0000000
73.9898379, 30.6325010, -96.4752716, 0.0000000
74.0897794, 30.6325009, -96.4752716, 0.0000000
74.1845918, 30.6325010, -96.4752716, 0.0000000
74.2956789, 30.6325010, -96.4752716, 0.0000000
74.3884668, 30.6325010, -96.4752716, 0.0000000
74.4890618, 30.6325010, -96.4752716, 0.0000000
74.5893886, 30.6325010, -96.4752716, 0.0000000
74.6889522, 30.6325010, -96.4752716, 0.0000000
74.7891433, 30.6325010, -96.4752715, 0.0000000
74.8894312, 30.6325010, -96.4752716, 0.0000000
74.9880619, 30.6325010, -96.4752716, 0.0000000
75.0849764, 30.6325010, -96.4752715, 0.0000000
75.1883664, 30.6325009, -96.4752716, 0.0000000
75.2927392, 30.6325010, -96.4752716, 0.0000000
75.3886027, 30.6325009, -96.4752715, 0.0000000
75.4899931, 30.6325009, -96.4752715, 0.0000000
75.5898125, 30.6325009, -96.4752715, 0.0000000
75.6918368, 30.6325009, -96.4752715, 0.0000000
75.7915523, 30.6325010, -96.4752715, 0.0000000
75.8913949, 30.6325009, -96.4752716, 0.0000000
75.9864399, 30.6325009, -96.4752715, 0.0000000
76.0915134, 30.6325010, -96.4752715, 0.0000000
76.1892235, 30.6325009, -96.4752715, 0.0000000
76.2943420, 30.6325009, -96.4752715, 0.0000000
76.3919168, 30.6325009, -96.4752715, 0.0000000
76.4893394, 30.6325009, -96.4752715, 0.0000000
76.5895925, 30.6325009, -96.4752715, 0.0000000
76.6898110, 30.6325009, -96.4752715, 0.0000000
76.7896092, 30.6325009, -96.4752715, 0.0000000
76.8854175, 30.6325009, -96.4752715, 0.0000000
0.0000002, 30.6325036, -96.4753633, 0.0000000
0.0996377, 30.6325037, -96.4753633, 0.0000000
0.1994286, 30.6325036, -96.4753633, 0.0000000
0.2995422, 30.6325036, -96.4753633, 0.0000000
0.4032202, 30.6325036, -96.4753633, 0.0000000
0.4944046, 30.6325037, -96.4753632, 0.0000000
0.5995941, 30.6325037, -96.4753633, 0.0000000
0.6988380, 30.6325037, -96.4753633, 0.0000000
0.7986937, 30.6325037, -96.4753633, 0.0000000
0.8996015, 30.6325036, -96.4753632, 0.0000000
0.9984071, 30.6325037, -96.4753633, 0.0000000
1.0987160, 30.6325037, -96.4753633, 0.0000000
1.2014542, 30.6325037, -96.4753633, 0.0000000
1.2997427, 30.6325037, -96.4753633, 0.0000000
1.3992374, 30.6325037, -96.4753633, 0.0000000
1.4998345, 30.6325038, -96.4753632, 0.0000000
1.5984142, 30.6325037, -96.4753632, 0.0000000
1.6987853, 30.6325038, -96.4753633, 0.0000000
1.8005493, 30.6325037, -96.4753632, 0.0000000
1.8991146, 30.6325038, -96.4753633, 0.0000000
2.0012977, 30.6325038, -96.4753632, 0.0000000
2.1005051, 30.6325038, -96.4753632, 0.0000000
2.2000027, 30.6325038, -96.4753632, 0.0000000
2.2939556, 30.6325038, -96.4753633, 0.0000000
2.4088843, 30.6325038, -96.4753632, 0.0000000
2.4994757, 30.6325038, -96.4753633, 0.0000000
2.5993180, 30.6325039, -96.4753633, 0.0000000
2.7000620, 30.6325038, -96.4753632, 0.0000000
2.7992640, 30.6325039, -96.4753633, 0.0000000
2.8995447, 30.6325039, -96.4753632, 0.0000000
3.0003145, 30.6325038, -96.4753632, 0.0000000
3.0998404, 30.6325038, -96.4753632, 0.0000000
3.1963091, 30.6325038, -96.4753632, 0.0000000
3.2998276, 30.6325038, -96.4753632, 0.0000000
3.4093120, 30.6325038, -96.4753632, 0.0000000
3.4995091, 30.6325039, -96.4753632, 0.0000000
3.5997996, 30.6325039, -96.4753632, 0.0000000
3.6995461, 30.6325039, -96.4753632, 0.0000000
3.7987893, 30.6325039, -96.4753632, 0.0000000
3.8998003, 30.6325039, -96.4753632, 0.0000000
3.9982619, 30.6325038, -96.4753632, 0.0000000
4.0944660, 30.6325038, -96.4753633, 0.0000000
4.2000268, 30.6325039, -96.4753632, 0.0000000
4.2985919, 30.6325039, -96.4753633, 0.0000000
4.4083169, 30.6325039, -96.4753632, 0.0000000
4.5011179, 30.6325039, -96.4753632, 0.0000000
4.5988100, 30.6325040, -96.4753632, 0.0000000
4.6992915, 30.6325040, -96.4753632, 0.0000000
4.8002031, 30.6325039, -96.4753632, 0.0000000
4.8998625, 30.6325040, -96.4753632, 0.0000000
4.9950657, 30.6325039, -96.4753632, 0.0000000
5.0996757, 30.6325040, -96.4753633, 0.0000000
5.1982596, 30.6325040, -96.4753633, 0.0000000
5.2980843, 30.6325039, -96.4753632, 0.0000000
5.4063723, 30.6325040, -96.4753632, 0.0000000
5.5001132, 30.6325040, -96.4753632, 0.0000000
5.5984643, 30.6325040, -96.4753633, 0.0000000
5.6999750, 30.6325040, -96.4753633, 0.0000000
5.7998652, 30.6325040, -96.4753633, 0.0000000
5.8958347, 30.6325040, -96.4753633, 0.0000000
6.0010424, 30.6325040, -96.4753633, 0.0000000
6.1012788, 30.6325040, -96.4753633, 0.0000000
6.2008333, 30.6325040, -96.4753633, 0.0000000
6.3010607, 30.6325040, -96.4753633, 0.0000000
6.4123220, 30.6325040, -96.4753633, 0.0000000
6.5008161, 30.6325041, -96.4753632, 0.0000000
6.6011682, 30.6325041, -96.4753632, 0.0000000
6.7009220, 30.6325041, -96.4753632, 0.0000000
6.7961802, 30.6325041, -96.4753632, 0.0000000
6.9009972, 30.6325041, -96.4753632, 0.0000000
7.0004182, 30.6325041, -96.4753632, 0.0000000
7.1000240, 30.6325041, -96.4753632, 0.0000000
7.2025094, 30.6325041, -96.4753632, 0.0000000
7.2996495, 30.6325042, -96.4753632, 0.0000000
7.4083636, 30.6325042, -96.4753632, 0.0000000
7.5007033, 30.6325042, -96.4753632, 0.0000000
7.5995467, 30.6325042, -96.4753632, 0.0000000
7.6957719, 30.6325042, -96.4753632, 0.0000000
7.8002210, 30.6325042, -96.4753632, 0.0000000
7.9005375, 30.6325042, -96.4753632, 0.0000000
8.0012794, 30.6325042, -96.4753632, 0.0000000
8.1028981, 30.6325042, -96.4753632, 0.0000000
8.2014222, 30.6325042, -96.4753632, 0.0000000
8.3001459, 30.6325042, -96.4753633, 0.0000000
8.4139948, 30.6325043, -96.4753632, 0.0000000
8.5021536, 30.6325042, -96.4753632, 0.0000000
8.5983031, 30.6325043, -96.4753632, 0.0000000
8.7035840, 30.6325043, -96.4753632, 0.0000000
8.8029931, 30.6325042, -96.4753632, 0.0000000
8.9029286, 30.6325043, -96.4753632, 0.0000000
9.0034635, 30.6325043, -96.4753632, 0.0000000
9.1029272, 30.6325043, -96.4753632, 0.0000000
9.2013633, 30.6325043, -96.4753632, 0.0000000
9.3013635, 30.6325043, -96.4753632, 0.0000000
9.4066184, 30.6325043, -96.4753632, 0.0000000
9.5043576, 30.6325043, -96.4753632, 0.0000000
9.6039569, 30.6325043, -96.4753633, 0.0000000
9.7026896, 30.6325043, -96.4753633, 0.0000000
9.8021190, 30.6325044, -96.4753633, 0.0000000
9.9031057, 30.6325044, -96.4753633, 0.0000000
10.0032806, 30.6325044, -96.4753632, 0.0000000
10.1016097, 30.6325042, -96.4753632, 0.0000000
10.2032897, 30.6325043, -96.4753632, 0.0000000
10.3014667, 30.6325043, -96.4753632, 0.0000000
10.4007092, 30.6325043, -96.4753632, 0.0000000
10.5097837, 30.6325043, -96.4753632, 0.0000000
10.6019332, 30.6325043, -96.4753632, 0.0000000
10.7008865, 30.6325043, -96.4753632, 0.0000000
10.8030982, 30.6325044, -96.4753632, 0.0000000
10.9015963, 30.6325042, -96.4753632, 0.0000000
11.0017171, 30.6325035, -96.4753633, 0.0000000
11.1063287, 30.6325028, -96.4753633, 0.0000000
11.2040076, 30.6325022, -96.4753635, 0.0000000
11.2959998, 30.6325016, -96.4753635, 0.0000000
11.4070923, 30.6325009, -96.4753636, 0.0000000
11.5035884, 30.6325003, -96.4753636, 0.0000000
11.6034584, 30.6324997, -96.4753637, 0.0000000
11.7049141, 30.6324991, -96.4753637, 0.0000000
11.8021533, 30.6324984, -96.4753637, 0.0000000
11.9027004, 30.6324978, -96.4753637, 0.0000000
12.0040205, 30.6324971, -96.4753637, 0.0000000
12.1036623, 30.6324965, -96.4753636, 0.0000000
12.1997073, 30.6324958, -96.4753636, 0.0000000
12.3053346, 30.6324952, -96.4753636, 0.0000000
12.4091763, 30.6324946, -96.4753635, 0.0000000
12.5037434, 30.6324940, -96.4753634, 0.0000000
12.6057646, 30.6324934, -96.4753633, 0.0000000
12.7049723, 30.6324928, -96.4753632, 0.0000000
12.8045223, 30.6324921, -96.4753631, 0.0000000
12.9056220, 30.6324915, -96.4753629, 0.0000000
13.0043912, 30.6324909, -96.4753629, 0.0000000
13.0989978, 30.6324903, -96.4753627, 0.0000000
13.2057850, 30.6324896, -96.4753625, 0.0000000
13.3040681, 30.6324890, -96.4753624, 0.0000000
13.4100149, 30.6324884, -96.4753623, 0.0000000
13.5066352, 30.6324878, -96.4753621, 0.0000000
13.6090798, 30.6324871, -96.4753619, 0.0000000
13.7032626, 30.6324865, -96.4753616, 0.0000000
13.8052592, 30.6324859, -96.4753614, 0.0000000
13.9042013, 30.6324854, -96.4753612, 0.0000000
13.9995036, 30.6324847, -96.4753610, 0.0000000
14.1043894, 30.6324841, -96.4753607, 0.0000000
14.2027023, 30.6324836, -96.4753605, 0.0000000
14.3016989, 30.6324830, -96.4753602, 0.0000000
14.4085886, 30.6324824, -96.4753599, 0.0000000
14.5082965, 30.6324819, -96.4753597, 0.0000000
14.6016405, 30.6324813, -96.4753594, 0.0000000
14.7033474, 30.6324808, -96.4753592, 0.0000000
14.8017702, 30.6324802, -96.4753588, 0.0000000
14.8976302, 30.6324796, -96.4753585, 0.0000000
15.0031643, 30.6324791, -96.4753581, 0.0000000
15.1031985, 30.6324785, -96.4753578, 0.0000000
15.2032428, 30.6324780, -96.4753574, 0.0000000
15.3034699, 30.6324774, -96.4753570, 0.0000000
15.4084568, 30.6324769, -96.4753567, 0.0000000
15.5025778, 30.6324763, -96.4753563, 0.0000000
15.6032565, 30.6324758, -96.4753560, 0.0000000
15.7027893, 30.6324753, -96.4753555, 0.0000000
15.7971227, 30.6324747, -96.4753551, 0.0000000
15.9017193, 30.6324742, -96.4753547, 0.0000000
16.0014448, 30.6324737, -96.4753543, 0.0000000
16.1015069, 30.6324732, -96.4753538, 0.0000000
16.2040277, 30.6324727, -96.4753533, 0.0000000
16.3013124, 30.6324722, -96.4753529, 0.0000000
16.4079819, 30.6324717, -96.4753524, 0.0000000
16.5088146, 30.6324712, -96.4753519, 0.0000000
16.6028683, 30.6324708, -96.4753514, 0.0000000
16.6979911, 30.6324704, -96.4753509, 0.0000000
16.8041339, 30.6324699, -96.4753505, 0.0000000
16.9026582, 30.6324695, -96.4753500, 0.0000000
17.0023582, 30.6324690, -96.4753494, 0.0000000
17.1028552, 30.6324685, -96.4753489, 0.0000000
17.2013500, 30.6324681, -96.4753484, 0.0000000
17.2998376, 30.6324677, -96.4753478, 0.0000000
17.4062934, 30.6324673, -96.4753473, 0.0000000
17.5081499, 30.6324670, -96.4753467, 0.0000000
17.5974371, 30.6324665, -96.4753462, 0.0000000
17.7039912, 30.6324661, -96.4753456, 0.0000000
17.8046029, 30.6324657, -96.4753450, 0.0000000
17.9013422, 30.6324654, -96.4753444, 0.0000000
18.0028129, 30.6324649, -96.4753439, 0.0000000
18.1020112, 30.6324646, -96.4753432, 0.0000000
18.2037477, 30.6324642, -96.4753426, 0.0000000
18.3046322, 30.6324638, -96.4753420, 0.0000000
18.4080038, 30.6324635, -96.4753414, 0.0000000
18.5058351, 30.6324632, -96.4753408, 0.0000000
18.6055729, 30.6324628, -96.4753402, 0.0000000
18.7035835, 30.6324625, -96.4753396, 0.0000000
18.8027871, 30.6324622, -96.4753389, 0.0000000
18.9026508, 30.6324619, -96.4753383, 0.0000000
19.0024476, 30.6324616, -96.4753377, 0.0000000
19.1023049, 30.6324613, -96.4753371, 0.0000000
19.2036450, 30.6324610, -96.4753364, 0.0000000
19.3012300, 30.6324608, -96.4753358, 0.0000000
19.4010873, 30.6324605, -96.4753351, 0.0000000
19.5041304, 30.6324603, -96.4753344, 0.0000000
19.6038961, 30.6324600, -96.4753338, 0.0000000
19.7027941, 30.6324598, -96.4753331, 0.0000000
19.8031197, 30.6324596, -96.4753324, 0.0000000
19.9019964, 30.6324594, -96.4753317, 0.0000000
20.0024724, 30.6324592, -96.4753311, 0.0000000
20.1027670, 30.6324590, -96.4753304, 0.0000000
20.2011845, 30.6324588, -96.4753297, 0.0000000
20.2968128, 30.6324586, -96.4753290, 0.0000000
20.4079888, 30.6324585, -96.4753283, 0.0000000
20.5077465, 30.6324582, -96.4753275, 0.0000000
20.6024327, 30.6324581, -96.4753268, 0.0000000
20.7028470, 30.6324579, -96.4753261, 0.0000000
20.8020437, 30.6324578, -96.4753253, 0.0000000
20.9031172, 30.6324577, -96.4753247, 0.0000000
21.0030508, 30.6324576, -96.4753239, 0.0000000
21.1021988, 30.6324574, -96.4753232, 0.0000000
21.1985266, 30.6324574, -96.4753225, 0.0000000
21.3025608, 30.6324573, -96.4753218, 0.0000000
21.4132404, 30.6324572, -96.4753211, 0.0000000
21.5039818, 30.6324572, -96.4753204, 0.0000000
21.6037502, 30.6324572, -96.4753196, 0.0000000
21.7024281, 30.6324572, -96.4753189, 0.0000000
21.8025575, 30.6324571, -96.4753182, 0.0000000
21.9032030, 30.6324571, -96.4753174, 0.0000000
22.0035863, 30.6324571, -96.4753167, 0.0000000
22.0973272, 30.6324570, -96.4753160, 0.0000000
22.2050180, 30.6324571, -96.4753152, 0.0000000
22.3022106, 30.6324571, -96.4753145, 0.0000000
22.4072347, 30.6324571, -96.4753138, 0.0000000
22.5078630, 30.6324571, -96.4753130, 0.0000000
22.6038826, 30.6324572, -96.4753122, 0.0000000
22.7022188, 30.6324573, -96.4753115, 0.0000000
22.8031075, 30.6324573, -96.4753108, 0.0000000
22.9028742, 30.6324574, -96.4753101, 0.0000000
22.9986799, 30.6324575, -96.4753094, 0.0000000
23.1035454, 30.6324576, -96.4753086, 0.0000000
23.2031162, 30.6324577, -96.4753079, 0.0000000
23.3024411, 30.6324578, -96.4753072, 0.0000000
23.4082704, 30.6324579, -96.4753065, 0.0000000
23.5043309, 30.6324581, -96.4753058, 0.0000000
23.6082795, 30.6324582, -96.4753051, 0.0000000
23.7042937, 30.6324583, -96.4753043, 0.0000000
23.8036129, 30.6324584, -96.4753036, 0.0000000
23.8984118, 30.6324585, -96.4753029, 0.0000000
24.0045278, 30.6324588, -96.4753022, 0.0000000
24.1053867, 30.6324589, -96.4753015, 0.0000000
24.2045741, 30.6324592, -96.4753008, 0.0000000
24.3041835, 30.6324593, -96.4753001, 0.0000000
24.4085104, 30.6324596, -96.4752994, 0.0000000
24.5041928, 30.6324597, -96.4752987, 0.0000000
24.6043012, 30.6324600, -96.4752980, 0.0000000
24.7036829, 30.6324602, -96.4752973, 0.0000000
24.7985539, 30.6324604, -96.4752966, 0.0000000
24.9044945, 30.6324607, -96.4752959, 0.0000000
25.0039723, 30.6324610, -96.4752953, 0.0000000
25.1034660, 30.6324613, -96.4752947, 0.0000000
25.2054138, 30.6324615, -96.4752940, 0.0000000
25.3041067, 30.6324618, -96.4752933, 0.0000000
25.4094679, 30.6324622, -96.4752927, 0.0000000
25.5068536, 30.6324625, -96.4752921, 0.0000000
25.6036723, 30.6324627, -96.4752915, 0.0000000
25.6989732, 30.6324630, -96.4752909, 0.0000000
25.8052580, 30.6324633, -96.4752903, 0.0000000
25.9036472, 30.6324637, -96.4752897, 0.0000000
26.0032287, 30.6324640, -96.4752891, 0.0000000
26.1049757, 30.6324644, -96.4752885, 0.0000000
26.2027977, 30.6324648, -96.4752879, 0.0000000
26.3030107, 30.6324651, -96.4752873, 0.0000000
26.4093230, 30.6324655, -96.4752867, 0.0000000
26.5052283, 30.6324660, -96.4752862, 0.0000000
26.5996890, 30.6324663, -96.4752856, 0.0000000
26.7059002, 30.6324667, -96.4752850, 0.0000000
26.8048186, 30.6324672, -96.4752844, 0.0000000
26.9049809, 30.6324676, -96.4752839, 0.0000000
27.0051069, 30.6324680, -96.4752834, 0.0000000
27.1040018, 30.6324685, -96.4752828, 0.0000000
27.2048974, 30.6324689, -96.4752823, 0.0000000
27.3049421, 30.6324694, -96.4752818, 0.0000000
27.4089541, 30.6324698, -96.4752813, 0.0000000
27.5075955, 30.6324703, -96.4752808, 0.0000000
27.6062295, 30.6324707, -96.4752804, 0.0000000
27.7073429, 30.6324712, -96.4752798, 0.0000000
27.8056636, 30.6324717, -96.4752794, 0.0000000
27.9059589, 30.6324722, -96.4752790, 0.0000000
28.0037997, 30.6324726, -96.4752785, 0.0000000
28.1036036, 30.6324732, -96.4752781, 0.0000000
28.2054932, 30.6324736, -96.4752776, 0.0000000
28.3037143, 30.6324742, -96.4752772, 0.0000000
28.4035215, 30.6324747, -96.4752768, 0.0000000
28.5038221, 30.6324752, -96.4752764, 0.0000000
28.6102984, 30.6324757, -96.4752760, 0.0000000
28.7027092, 30.6324762, -96.4752756, 0.0000000
28.8039267, 30.6324767, -96.4752753, 0.0000000
28.9026780, 30.6324773, -96.4752749, 0.0000000
29.0026503, 30.6324778, -96.4752746, 0.0000000
29.1040649, 30.6324784, -96.4752742, 0.0000000
29.2023101, 30.6324790, -96.4752739, 0.0000000
29.2972434, 30.6324795, -96.4752735, 0.0000000
29.4083233, 30.6324801, -96.4752732, 0.0000000
29.5109441, 30.6324806, -96.4752729, 0.0000000
29.6036479, 30.6324812, -96.4752727, 0.0000000
29.7056429, 30.6324818, -96.4752724, 0.0000000
29.8037834, 30.6324823, -96.4752721, 0.0000000
29.9037478, 30.6324829, -96.4752718, 0.0000000
30.0034382, 30.6324835, -96.4752715, 0.0000000
30.1026211, 30.6324841, -96.4752713, 0.0000000
30.1979787, 30.6324847, -96.4752710, 0.0000000
30.3032813, 30.6324853, -96.4752709, 0.0000000
30.4074550, 30.6324859, -96.4752707, 0.0000000
30.5080111, 30.6324864, -96.4752705, 0.0000000
30.6025844, 30.6324871, -96.4752703, 0.0000000
30.7027493, 30.6324877, -96.4752701, 0.0000000
30.8030496, 30.6324883, -96.4752699, 0.0000000
30.9033587, 30.6324889, -96.4752698, 0.0000000
31.0032177, 30.6324895, -96.4752696, 0.0000000
31.0990574, 30.6324901, -96.4752695, 0.0000000
31.2045138, 30.6324907, -96.4752693, 0.0000000
31.3027930, 30.6324913, -96.4752693, 0.0000000
31.4065931, 30.6324920, -96.4752691, 0.0000000
31.5040011, 30.6324926, -96.4752690, 0.0000000
31.6034844, 30.6324931, -96.4752690, 0.0000000
31.7031772, 30.6324937, -96.4752689, 0.0000000
31.8043964, 30.6324943, -96.4752689, 0.0000000
31.9034667, 30.6324950, -96.4752688, 0.0000000
31.9981983, 30.6324956, -96.4752687, 0.0000000
32.1041002, 30.6324962, -96.4752687, 0.0000000
32.2035131, 30.6324969, -96.4752687, 0.0000000
32.3028135, 30.6324975, -96.4752687, 0.0000000
32.4093425, 30.6324981, -96.4752687, 0.0000000
32.5111389, 30.6324988, -96.4752687, 0.0000000
32.6047604, 30.6324994, -96.4752687, 0.0000000
32.7048788, 30.6325000, -96.4752688, 0.0000000
32.8032444, 30.6325003, -96.4752686, 0.0000000
32.8985586, 30.6325003, -96.4752687, 0.0000000
33.0039942, 30.6325003, -96.4752687, 0.0000000
33.1029298, 30.6325003, -96.4752687, 0.0000000
33.2034488, 30.6325003, -96.4752687, 0.0000000
33.3044918, 30.6325003, -96.4752687, 0.0000000
33.4079409, 30.6325003, -96.4752687, 0.0000000
33.5093296, 30.6325003, -96.4752687, 0.0000000
33.6038561, 30.6325003, -96.4752687, 0.0000000
33.7027740, 30.6325003, -96.4752687, 0.0000000
33.7978051, 30.6325003, -96.4752687, 0.0000000
33.9033248, 30.6325003, -96.4752687, 0.0000000
34.0027740, 30.6325003, -96.4752687, 0.0000000
34.1025252, 30.6325003, -96.4752687, 0.0000000
34.2049184, 30.6325003, -96.4752687, 0.0000000
34.3034446, 30.6325003, -96.4752687, 0.0000000
34.4069743, 30.6325003, -96.4752687, 0.0000000
34.5036755, 30.6325003, -96.4752687, 0.0000000
34.6025441, 30.6325004, -96.4752686, 0.0000000
34.6980820, 30.6325003, -96.4752686, 0.0000000
34.8028388, 30.6325004, -96.4752686, 0.0000000
34.9021192, 30.6325003, -96.4752686, 0.0000000
35.0022714, 30.6325003, -96.4752686, 0.0000000
35.1027834, 30.6325003, -96.4752686, 0.0000000
35.2027590, 30.6325003, -96.4752686, 0.0000000
35.3018358, 30.6325003, -96.4752686, 0.0000000
35.4076653, 30.6325004, -96.4752686, 0.0000000
35.5090723, 30.6325004, -96.4752686, 0.0000000
35.5971987, 30.6325004, -96.4752685, 0.0000000
35.7007954, 30.6325003, -96.4752685, 0.0000000
35.7978678, 30.6325002, -96.4752686, 0.0000000
35.8980391, 30.6325002, -96.4752686, 0.0000000
35.9985430, 30.6325003, -96.4752686, 0.0000000
36.0993173, 30.6325002, -96.4752686, 0.0000000
36.1987238, 30.6325003, -96.4752686, 0.0000000
36.3000870, 30.6325003, -96.4752686, 0.0000000
36.4037168, 30.6325002, -96.4752686, 0.0000000
36.4972525, 30.6325003, -96.4752685, 0.0000000
36.6038003, 30.6325003, -96.4752685, 0.0000000
36.7003837, 30.6325003, -96.4752685, 0.0000000
36.7995100, 30.6325003, -96.4752685, 0.0000000
36.9008150, 30.6325003, -96.4752685, 0.0000000
37.0002565, 30.6325003, -96.4752685, 0.0000000
37.0996373, 30.6325003, -96.4752686, 0.0000000
37.2015316, 30.6325003, -96.4752685, 0.0000000
37.3002334, 30.6325003, -96.4752685, 0.0000000
37.3999007, 30.6325002, -96.4752685, 0.0000000
37.5039308, 30.6325004, -96.4752685, 0.0000000
37.6025059, 30.6325004, -96.4752686, 0.0000000
37.7015674, 30.6325004, -96.4752686, 0.0000000
37.8021104, 30.6325004, -96.4752686, 0.0000000
37.9004066, 30.6325004, -96.4752686, 0.0000000
38.0005801, 30.6325004, -96.4752686, 0.0000000
38.1016474, 30.6325004, -96.4752686, 0.0000000
38.2006645, 30.6325004, -96.4752686, 0.0000000
38.2959106, 30.6325004, -96.4752686, 0.0000000
38.4072025, 30.6325004, -96.4752686, 0.0000000
38.5075638, 30.6325004, -96.4752685, 0.0000000
38.6002028, 30.6325004, -96.4752685, 0.0000000
38.7007151, 30.6325004, -96.4752685, 0.0000000
38.7998950, 30.6325004, -96.4752685, 0.0000000
38.8997650, 30.6325005, -96.4752685, 0.0000000
39.0015051, 30.6325004, -96.4752685, 0.0000000
39.1003318, 30.6325004, -96.4752685, 0.0000000
39.1972313, 30.6325004, -96.4752685, 0.0000000
39.3009970, 30.6325004, -96.4752685, 0.0000000
39.4059513, 30.6325004, -96.4752685, 0.0000000
39.5100543, 30.6325005, -96.4752684, 0.0000000
39.6025567, 30.6325005, -96.4752684, 0.0000000
39.7014613, 30.6325005, -96.4752684, 0.0000000
39.8005342, 30.6325004, -96.4752684, 0.0000000
39.9015183, 30.6325005, -96.4752684, 0.0000000
40.0000970, 30.6325005, -96.4752684, 0.0000000
40.0960088, 30.6325004, -96.4752685, 0.0000000
40.2000074, 30.6325004, -96.4752684, 0.0000000
40.2988317, 30.6325005, -96.4752684, 0.0000000
40.4041564, 30.6325005, -96.4752684, 0.0000000
40.5066409, 30.6325005, -96.4752684, 0.0000000
40.5999424, 30.6325005, -96.4752684, 0.0000000
40.6994605, 30.6325005, -96.4752684, 0.0000000
40.8000405, 30.6325005, -96.4752685, 0.0000000
40.8990121, 30.6325005, -96.4752684, 0.0000000
40.9963450, 30.6325005, -96.4752684, 0.0000000
41.0999920, 30.6325005, -96.4752684, 0.0000000
41.1992478, 30.6325005, -96.4752684, 0.0000000
41.2989783, 30.6325005, -96.4752684, 0.0000000
41.4050965, 30.6325005, -96.4752684, 0.0000000
41.4996552, 30.6325005, -96.4752683, 0.0000000
41.5993855, 30.6325005, -96.4752683, 0.0000000
41.6997738, 30.6325004, -96.4752682, 0.0000000
41.7997499, 30.6325004, -96.4752682, 0.0000000
41.8955934, 30.6325005, -96.4752682, 0.0000000
42.0002594, 30.6325004, -96.4752683, 0.0000000
42.0994508, 30.6325004, -96.4752682, 0.0000000
42.1996191, 30.6325004, -96.4752682, 0.0000000
42.3000400, 30.6325005, -96.4752683, 0.0000000
42.4112120, 30.6325005, -96.4752682, 0.0000000
42.4994569, 30.6325004, -96.4752682, 0.0000000
42.5999637, 30.6325004, -96.4752682, 0.0000000
42.6993790, 30.6325004, -96.4752682, 0.0000000
42.7957313, 30.6325004, -96.4752682, 0.0000000
42.9000320, 30.6325004, -96.4752682, 0.0000000
42.9997785, 30.6325004, -96.4752682, 0.0000000
43.0998638, 30.6325004, -96.4752682, 0.0000000
43.2006023, 30.6325004, -96.4752682, 0.0000000
43.2988720, 30.6325004, -96.4752682, 0.0000000
